CSCO,200802041002,24.46,24.4,24.39,24.37,24.4,24.43,24.44,24.4,24.36,24.3,24.227,24.26,24.29,24.3,24.34,24.3,24.29,24.28,24.2099,24.18,Prob:0.87
MSFT,200802041002,30.44,30.45,30.48,30.5,30.5,30.49,30.5,30.5,30.508,30.54,30.53,30.537,30.5288,30.5,30.42,30.455,30.5,30.5,30.4899,30.5,Prob:0.22
CSCO,200802041003,24.4,24.39,24.37,24.4,24.43,24.44,24.4,24.36,24.3,24.227,24.26,24.29,24.3,24.34,24.3,24.29,24.28,24.2099,24.18,24.2,Prob:0.48
MSFT,200802041003,30.45,30.48,30.5,30.5,30.49,30.5,30.5,30.508,30.54,30.53,30.537,30.5288,30.5,30.42,30.455,30.5,30.5,30.4899,30.5,30.522,Prob:0.19
CSCO,200802041004,24.39,24.37,24.4,24.43,24.44,24.4,24.36,24.3,24.227,24.26,24.29,24.3,24.34,24.3,24.29,24.28,24.2099,24.18,24.2,24.2,Prob:0.23
MSFT,200802041004,30.48,30.5,30.5,30.49,30.5,30.5,30.508,30.54,30.53,30.537,30.5288,30.5,30.42,30.455,30.5,30.5,30.4899,30.5,30.522,30.51,Prob:0.16
CSCO,200802041005,24.37,24.4,24.43,24.44,24.4,24.36,24.3,24.227,24.26,24.29,24.3,24.34,24.3,24.29,24.28,24.2099,24.18,24.2,24.2,24.19,Prob:0.79
MSFT,200802041005,30.5,30.5,30.49,30.5,30.5,30.508,30.54,30.53,30.537,30.5288,30.5,30.42,30.455,30.5,30.5,30.4899,30.5,30.522,30.51,30.505,Prob:0.7
CSCO,200802041006,24.4,24.43,24.44,24.4,24.36,24.3,24.227,24.26,24.29,24.3,24.34,24.3,24.29,24.28,24.2099,24.18,24.2,24.2,24.19,24.18,Prob:0.36
MSFT,200802041006,30.5,30.49,30.5,30.5,30.508,30.54,30.53,30.537,30.5288,30.5,30.42,30.455,30.5,30.5,30.4899,30.5,30.522,30.51,30.505,30.5,Prob:0.16
CSCO,200802041007,24.43,24.44,24.4,24.36,24.3,24.227,24.26,24.29,24.3,24.34,24.3,24.29,24.28,24.2099,24.18,24.2,24.2,24.19,24.18,24.14,Prob:0.94
MSFT,200802041007,30.49,30.5,30.5,30.508,30.54,30.53,30.537,30.5288,30.5,30.42,30.455,30.5,30.5,30.4899,30.5,30.522,30.51,30.505,30.5,30.5,Prob:0.26
CSCO,200802041008,24.44,24.4,24.36,24.3,24.227,24.26,24.29,24.3,24.34,24.3,24.29,24.28,24.2099,24.18,24.2,24.2,24.19,24.18,24.14,24.1099,Prob:0.69
MSFT,200802041008,30.5,30.5,30.508,30.54,30.53,30.537,30.5288,30.5,30.42,30.455,30.5,30.5,30.4899,30.5,30.522,30.51,30.505,30.5,30.5,30.51,Prob:0.93
QTWW,200802041008,0.59,0.55,0.57,0.58,0.56,0.5601,0.5601,0.57,0.57,0.575,0.5749,0.575,0.575,0.575,0.57,0.57,0.575,0.575,0.575,0.5749,Prob:0.21
CSCO,200802041009,24.4,24.36,24.3,24.227,24.26,24.29,24.3,24.34,24.3,24.29,24.28,24.2099,24.18,24.2,24.2,24.19,24.18,24.14,24.1099,24.08,Prob:0.53
MSFT,200802041009,30.5,30.508,30.54,30.53,30.537,30.5288,30.5,30.42,30.455,30.5,30.5,30.4899,30.5,30.522,30.51,30.505,30.5,30.5,30.51,30.49,Prob:0.96
QTWW,200802041009,0.55,0.57,0.58,0.56,0.5601,0.5601,0.57,0.57,0.575,0.5749,0.575,0.575,0.575,0.57,0.57,0.575,0.575,0.575,0.5749,0.575,Prob:0.47
CSCO,200802041010,24.36,24.3,24.227,24.26,24.29,24.3,24.34,24.3,24.29,24.28,24.2099,24.18,24.2,24.2,24.19,24.18,24.14,24.1099,24.08,24.12,Prob:0.32
MSFT,200802041010,30.508,30.54,30.53,30.537,30.5288,30.5,30.42,30.455,30.5,30.5,30.4899,30.5,30.522,30.51,30.505,30.5,30.5,30.51,30.49,30.49,Prob:0.93
QTWW,200802041010,0.57,0.58,0.56,0.5601,0.5601,0.57,0.57,0.575,0.5749,0.575,0.575,0.575,0.57,0.57,0.575,0.575,0.575,0.5749,0.575,0.5705,Prob:0.85
CSCO,200802041011,24.3,24.227,24.26,24.29,24.3,24.34,24.3,24.29,24.28,24.2099,24.18,24.2,24.2,24.19,24.18,24.14,24.1099,24.08,24.12,24.16,Prob:0.76
MSFT,200802041011,30.54,30.53,30.537,30.5288,30.5,30.42,30.455,30.5,30.5,30.4899,30.5,30.522,30.51,30.505,30.5,30.5,30.51,30.49,30.49,30.49,Prob:0.1
CSCO,200802041012,24.227,24.26,24.29,24.3,24.34,24.3,24.29,24.28,24.2099,24.18,24.2,24.2,24.19,24.18,24.14,24.1099,24.08,24.12,24.16,24.16,Prob:0.94
MSFT,200802041012,30.53,30.537,30.5288,30.5,30.42,30.455,30.5,30.5,30.4899,30.5,30.522,30.51,30.505,30.5,30.5,30.51,30.49,30.49,30.49,30.5,Prob:0.46
CSCO,200802041013,24.26,24.29,24.3,24.34,24.3,24.29,24.28,24.2099,24.18,24.2,24.2,24.19,24.18,24.14,24.1099,24.08,24.12,24.16,24.16,24.15,Prob:0.68
MSFT,200802041013,30.537,30.5288,30.5,30.42,30.455,30.5,30.5,30.4899,30.5,30.522,30.51,30.505,30.5,30.5,30.51,30.49,30.49,30.49,30.5,30.49,Prob:0.7
CSCO,200802041014,24.29,24.3,24.34,24.3,24.29,24.28,24.2099,24.18,24.2,24.2,24.19,24.18,24.14,24.1099,24.08,24.12,24.16,24.16,24.15,24.15,Prob:0.31
MSFT,200802041014,30.5288,30.5,30.42,30.455,30.5,30.5,30.4899,30.5,30.522,30.51,30.505,30.5,30.5,30.51,30.49,30.49,30.49,30.5,30.49,30.49,Prob:0.95
CSCO,200802041015,24.3,24.34,24.3,24.29,24.28,24.2099,24.18,24.2,24.2,24.19,24.18,24.14,24.1099,24.08,24.12,24.16,24.16,24.15,24.15,24.17,Prob:0.73
MSFT,200802041015,30.5,30.42,30.455,30.5,30.5,30.4899,30.5,30.522,30.51,30.505,30.5,30.5,30.51,30.49,30.49,30.49,30.5,30.49,30.49,30.52,Prob:0.58
CSCO,200802041016,24.34,24.3,24.29,24.28,24.2099,24.18,24.2,24.2,24.19,24.18,24.14,24.1099,24.08,24.12,24.16,24.16,24.15,24.15,24.17,24.17,Prob:0.3
MSFT,200802041016,30.42,30.455,30.5,30.5,30.4899,30.5,30.522,30.51,30.505,30.5,30.5,30.51,30.49,30.49,30.49,30.5,30.49,30.49,30.52,30.5,Prob:0.78
CSCO,200802041017,24.3,24.29,24.28,24.2099,24.18,24.2,24.2,24.19,24.18,24.14,24.1099,24.08,24.12,24.16,24.16,24.15,24.15,24.17,24.17,24.14,Prob:0.67
MSFT,200802041017,30.455,30.5,30.5,30.4899,30.5,30.522,30.51,30.505,30.5,30.5,30.51,30.49,30.49,30.49,30.5,30.49,30.49,30.52,30.5,30.5,Prob:0.88
QTWW,200802041017,0.58,0.56,0.5601,0.5601,0.57,0.57,0.575,0.5749,0.575,0.575,0.575,0.57,0.57,0.575,0.575,0.575,0.5749,0.575,0.5705,0.5705,Prob:0.85
CSCO,200802041018,24.29,24.28,24.2099,24.18,24.2,24.2,24.19,24.18,24.14,24.1099,24.08,24.12,24.16,24.16,24.15,24.15,24.17,24.17,24.14,24.145,Prob:0.76
MSFT,200802041018,30.5,30.5,30.4899,30.5,30.522,30.51,30.505,30.5,30.5,30.51,30.49,30.49,30.49,30.5,30.49,30.49,30.52,30.5,30.5,30.49,Prob:0.82
CSCO,200802041019,24.28,24.2099,24.18,24.2,24.2,24.19,24.18,24.14,24.1099,24.08,24.12,24.16,24.16,24.15,24.15,24.17,24.17,24.14,24.145,24.16,Prob:0.54
MSFT,200802041106,30.42,30.453,30.4395,30.428,30.41,30.41,30.45,30.5,30.5,30.5,30.51,30.52,30.52,30.59,30.56,30.55,30.55,30.55,30.52,30.5178,Prob:0.15
CSCO,200802041107,24.0289,24.02,23.97,23.94,23.97,24.01,23.99,24.01,24.0076,24.0199,24.01,23.98,23.98,23.98,23.94,23.93,23.9,23.87,23.9199,23.9727,Prob:0.36
MSFT,200802041107,30.453,30.4395,30.428,30.41,30.41,30.45,30.5,30.5,30.5,30.51,30.52,30.52,30.59,30.56,30.55,30.55,30.55,30.52,30.5178,30.52,Prob:0.09
CSCO,200802041108,24.02,23.97,23.94,23.97,24.01,23.99,24.01,24.0076,24.0199,24.01,23.98,23.98,23.98,23.94,23.93,23.9,23.87,23.9199,23.9727,23.97,Prob:0.44
MSFT,200802041108,30.4395,30.428,30.41,30.41,30.45,30.5,30.5,30.5,30.51,30.52,30.52,30.59,30.56,30.55,30.55,30.55,30.52,30.5178,30.52,30.4978,Prob:0.02
CSCO,200802041109,23.97,23.94,23.97,24.01,23.99,24.01,24.0076,24.0199,24.01,23.98,23.98,23.98,23.94,23.93,23.9,23.87,23.9199,23.9727,23.97,24.02,Prob:0.68
MSFT,200802041109,30.428,30.41,30.41,30.45,30.5,30.5,30.5,30.51,30.52,30.52,30.59,30.56,30.55,30.55,30.55,30.52,30.5178,30.52,30.4978,30.53,Prob:0.25
CSCO,200802041110,23.94,23.97,24.01,23.99,24.01,24.0076,24.0199,24.01,23.98,23.98,23.98,23.94,23.93,23.9,23.87,23.9199,23.9727,23.97,24.02,24.03,Prob:1.0
MSFT,200802041110,30.41,30.41,30.45,30.5,30.5,30.5,30.51,30.52,30.52,30.59,30.56,30.55,30.55,30.55,30.52,30.5178,30.52,30.4978,30.53,30.54,Prob:0.05
CSCO,200802041111,23.97,24.01,23.99,24.01,24.0076,24.0199,24.01,23.98,23.98,23.98,23.94,23.93,23.9,23.87,23.9199,23.9727,23.97,24.02,24.03,24.02,Prob:0.18
MSFT,200802041111,30.41,30.45,30.5,30.5,30.5,30.51,30.52,30.52,30.59,30.56,30.55,30.55,30.55,30.52,30.5178,30.52,30.4978,30.53,30.54,30.53,Prob:0.86
CSCO,200802041112,24.01,23.99,24.01,24.0076,24.0199,24.01,23.98,23.98,23.98,23.94,23.93,23.9,23.87,23.9199,23.9727,23.97,24.02,24.03,24.02,24.05,Prob:0.6
MSFT,200802041112,30.45,30.5,30.5,30.5,30.51,30.52,30.52,30.59,30.56,30.55,30.55,30.55,30.52,30.5178,30.52,30.4978,30.53,30.54,30.53,30.53,Prob:0.48
CSCO,200802041113,23.99,24.01,24.0076,24.0199,24.01,23.98,23.98,23.98,23.94,23.93,23.9,23.87,23.9199,23.9727,23.97,24.02,24.03,24.02,24.05,24.04,Prob:0.61
MSFT,200802041113,30.5,30.5,30.5,30.51,30.52,30.52,30.59,30.56,30.55,30.55,30.55,30.52,30.5178,30.52,30.4978,30.53,30.54,30.53,30.53,30.53,Prob:0.52
CSCO,200802041114,24.01,24.0076,24.0199,24.01,23.98,23.98,23.98,23.94,23.93,23.9,23.87,23.9199,23.9727,23.97,24.02,24.03,24.02,24.05,24.04,24.04,Prob:0.46
MSFT,200802041114,30.5,30.5,30.51,30.52,30.52,30.59,30.56,30.55,30.55,30.55,30.52,30.5178,30.52,30.4978,30.53,30.54,30.53,30.53,30.53,30.51,Prob:0.58
QTWW,200802041114,0.5705,0.5705,0.5705,0.575,0.5745,0.5705,0.5706,0.5706,0.5706,0.5706,0.5707,0.5706,0.5706,0.57,0.57,0.57,0.5745,0.57,0.57,0.5702,Prob:0.8
CSCO,200802041115,24.0076,24.0199,24.01,23.98,23.98,23.98,23.94,23.93,23.9,23.87,23.9199,23.9727,23.97,24.02,24.03,24.02,24.05,24.04,24.04,24.05,Prob:0.85
MSFT,200802041115,30.5,30.51,30.52,30.52,30.59,30.56,30.55,30.55,30.55,30.52,30.5178,30.52,30.4978,30.53,30.54,30.53,30.53,30.53,30.51,30.52,Prob:0.66
CSCO,200802041116,24.0199,24.01,23.98,23.98,23.98,23.94,23.93,23.9,23.87,23.9199,23.9727,23.97,24.02,24.03,24.02,24.05,24.04,24.04,24.05,24.03,Prob:0.72
MSFT,200802041116,30.51,30.52,30.52,30.59,30.56,30.55,30.55,30.55,30.52,30.5178,30.52,30.4978,30.53,30.54,30.53,30.53,30.53,30.51,30.52,30.5,Prob:0.02
CSCO,200802041117,24.01,23.98,23.98,23.98,23.94,23.93,23.9,23.87,23.9199,23.9727,23.97,24.02,24.03,24.02,24.05,24.04,24.04,24.05,24.03,24.045,Prob:0.05
MSFT,200802041117,30.52,30.52,30.59,30.56,30.55,30.55,30.55,30.52,30.5178,30.52,30.4978,30.53,30.54,30.53,30.53,30.53,30.51,30.52,30.5,30.51,Prob:0.48
QTWW,200802041117,0.5705,0.5705,0.575,0.5745,0.5705,0.5706,0.5706,0.5706,0.5706,0.5707,0.5706,0.5706,0.57,0.57,0.57,0.5745,0.57,0.57,0.5702,0.5745,Prob:0.09
CSCO,200802041118,23.98,23.98,23.98,23.94,23.93,23.9,23.87,23.9199,23.9727,23.97,24.02,24.03,24.02,24.05,24.04,24.04,24.05,24.03,24.045,24.04,Prob:0.66
MSFT,200802041118,30.52,30.59,30.56,30.55,30.55,30.55,30.52,30.5178,30.52,30.4978,30.53,30.54,30.53,30.53,30.53,30.51,30.52,30.5,30.51,30.52,Prob:0.8
CSCO,200802041119,23.98,23.98,23.94,23.93,23.9,23.87,23.9199,23.9727,23.97,24.02,24.03,24.02,24.05,24.04,24.04,24.05,24.03,24.045,24.04,24.01,Prob:0.33
MSFT,200802041119,30.59,30.56,30.55,30.55,30.55,30.52,30.5178,30.52,30.4978,30.53,30.54,30.53,30.53,30.53,30.51,30.52,30.5,30.51,30.52,30.5299,Prob:0.53
QTWW,200802041119,0.5705,0.575,0.5745,0.5705,0.5706,0.5706,0.5706,0.5706,0.5707,0.5706,0.5706,0.57,0.57,0.57,0.5745,0.57,0.57,0.5702,0.5745,0.5745,Prob:0.83
CSCO,200802041120,23.98,23.94,23.93,23.9,23.87,23.9199,23.9727,23.97,24.02,24.03,24.02,24.05,24.04,24.04,24.05,24.03,24.045,24.04,24.01,24,Prob:0.85
MSFT,200802041120,30.56,30.55,30.55,30.55,30.52,30.5178,30.52,30.4978,30.53,30.54,30.53,30.53,30.53,30.51,30.52,30.5,30.51,30.52,30.5299,30.52,Prob:0.43
CSCO,200802041121,23.94,23.93,23.9,23.87,23.9199,23.9727,23.97,24.02,24.03,24.02,24.05,24.04,24.04,24.05,24.03,24.045,24.04,24.01,24,23.995,Prob:0.33
MSFT,200802041121,30.55,30.55,30.55,30.52,30.5178,30.52,30.4978,30.53,30.54,30.53,30.53,30.53,30.51,30.52,30.5,30.51,30.52,30.5299,30.52,30.5284,Prob:0.91
CSCO,200802041122,23.93,23.9,23.87,23.9199,23.9727,23.97,24.02,24.03,24.02,24.05,24.04,24.04,24.05,24.03,24.045,24.04,24.01,24,23.995,24.01,Prob:0.88
MSFT,200802041122,30.55,30.55,30.52,30.5178,30.52,30.4978,30.53,30.54,30.53,30.53,30.53,30.51,30.52,30.5,30.51,30.52,30.5299,30.52,30.5284,30.5288,Prob:0.02
QTWW,200802041122,0.575,0.5745,0.5705,0.5706,0.5706,0.5706,0.5706,0.5707,0.5706,0.5706,0.57,0.57,0.57,0.5745,0.57,0.57,0.5702,0.5745,0.5745,0.5702,Prob:0.86
CSCO,200802041123,23.9,23.87,23.9199,23.9727,23.97,24.02,24.03,24.02,24.05,24.04,24.04,24.05,24.03,24.045,24.04,24.01,24,23.995,24.01,24,Prob:0.96
MSFT,200802041123,30.55,30.52,30.5178,30.52,30.4978,30.53,30.54,30.53,30.53,30.53,30.51,30.52,30.5,30.51,30.52,30.5299,30.52,30.5284,30.5288,30.51,Prob:0.49
CSCO,200802041124,23.87,23.9199,23.9727,23.97,24.02,24.03,24.02,24.05,24.04,24.04,24.05,24.03,24.045,24.04,24.01,24,23.995,24.01,24,24,Prob:0.56
MSFT,200802041124,30.52,30.5178,30.52,30.4978,30.53,30.54,30.53,30.53,30.53,30.51,30.52,30.5,30.51,30.52,30.5299,30.52,30.5284,30.5288,30.51,30.51,Prob:0.51
CSCO,200802041125,23.9199,23.9727,23.97,24.02,24.03,24.02,24.05,24.04,24.04,24.05,24.03,24.045,24.04,24.01,24,23.995,24.01,24,24,24,Prob:0.26
MSFT,200802041125,30.5178,30.52,30.4978,30.53,30.54,30.53,30.53,30.53,30.51,30.52,30.5,30.51,30.52,30.5299,30.52,30.5284,30.5288,30.51,30.51,30.51,Prob:0.7
CSCO,200802041126,23.9727,23.97,24.02,24.03,24.02,24.05,24.04,24.04,24.05,24.03,24.045,24.04,24.01,24,23.995,24.01,24,24,24,24.007,Prob:0.02
MSFT,200802041126,30.52,30.4978,30.53,30.54,30.53,30.53,30.53,30.51,30.52,30.5,30.51,30.52,30.5299,30.52,30.5284,30.5288,30.51,30.51,30.51,30.51,Prob:0.24
CSCO,200802041127,23.97,24.02,24.03,24.02,24.05,24.04,24.04,24.05,24.03,24.045,24.04,24.01,24,23.995,24.01,24,24,24,24.007,24.008,Prob:0.62
MSFT,200802041127,30.4978,30.53,30.54,30.53,30.53,30.53,30.51,30.52,30.5,30.51,30.52,30.5299,30.52,30.5284,30.5288,30.51,30.51,30.51,30.51,30.51,Prob:0.62
CSCO,200802041128,24.02,24.03,24.02,24.05,24.04,24.04,24.05,24.03,24.045,24.04,24.01,24,23.995,24.01,24,24,24,24.007,24.008,24,Prob:0.45
MSFT,200802041128,30.53,30.54,30.53,30.53,30.53,30.51,30.52,30.5,30.51,30.52,30.5299,30.52,30.5284,30.5288,30.51,30.51,30.51,30.51,30.51,30.51,Prob:0.56
QTWW,200802041128,0.5745,0.5705,0.5706,0.5706,0.5706,0.5706,0.5707,0.5706,0.5706,0.57,0.57,0.57,0.5745,0.57,0.57,0.5702,0.5745,0.5745,0.5702,0.57,Prob:0.73
CSCO,200802041129,24.03,24.02,24.05,24.04,24.04,24.05,24.03,24.045,24.04,24.01,24,23.995,24.01,24,24,24,24.007,24.008,24,24.01,Prob:0.2
QTWW,200802041407,0.5709,0.5795,0.5795,0.5719,0.5795,0.5794,0.5794,0.579,0.5768,0.579,0.579,0.5788,0.5785,0.575,0.575,0.575,0.5707,0.575,0.575,0.575,Prob:0.96
CSCO,200802041408,23.92,23.91,23.89,23.9,23.895,23.89,23.9,23.89,23.9,23.9,23.89,23.88,23.895,23.9,23.89,23.8911,23.89,23.8885,23.88,23.89,Prob:0.07
MSFT,200802041408,30.61,30.61,30.62,30.61,30.61,30.6,30.6299,30.62,30.67,30.67,30.7,30.67,30.67,30.6504,30.66,30.69,30.69,30.65,30.68,30.67,Prob:0.56
QTWW,200802041408,0.5795,0.5795,0.5719,0.5795,0.5794,0.5794,0.579,0.5768,0.579,0.579,0.5788,0.5785,0.575,0.575,0.575,0.5707,0.575,0.575,0.575,0.575,Prob:0.77
CSCO,200802041409,23.91,23.89,23.9,23.895,23.89,23.9,23.89,23.9,23.9,23.89,23.88,23.895,23.9,23.89,23.8911,23.89,23.8885,23.88,23.89,23.8805,Prob:0.92
MSFT,200802041409,30.61,30.62,30.61,30.61,30.6,30.6299,30.62,30.67,30.67,30.7,30.67,30.67,30.6504,30.66,30.69,30.69,30.65,30.68,30.67,30.6615,Prob:0.01
CSCO,200802041410,23.89,23.9,23.895,23.89,23.9,23.89,23.9,23.9,23.89,23.88,23.895,23.9,23.89,23.8911,23.89,23.8885,23.88,23.89,23.8805,23.89,Prob:0.86
MSFT,200802041410,30.62,30.61,30.61,30.6,30.6299,30.62,30.67,30.67,30.7,30.67,30.67,30.6504,30.66,30.69,30.69,30.65,30.68,30.67,30.6615,30.67,Prob:0.89
CSCO,200802041411,23.9,23.895,23.89,23.9,23.89,23.9,23.9,23.89,23.88,23.895,23.9,23.89,23.8911,23.89,23.8885,23.88,23.89,23.8805,23.89,23.89,Prob:0.78
MSFT,200802041411,30.61,30.61,30.6,30.6299,30.62,30.67,30.67,30.7,30.67,30.67,30.6504,30.66,30.69,30.69,30.65,30.68,30.67,30.6615,30.67,30.68,Prob:0.72
QTWW,200802041411,0.5795,0.5719,0.5795,0.5794,0.5794,0.579,0.5768,0.579,0.579,0.5788,0.5785,0.575,0.575,0.575,0.5707,0.575,0.575,0.575,0.575,0.575,Prob:0.23
CSCO,200802041412,23.895,23.89,23.9,23.89,23.9,23.9,23.89,23.88,23.895,23.9,23.89,23.8911,23.89,23.8885,23.88,23.89,23.8805,23.89,23.89,23.89,Prob:0.61
MSFT,200802041412,30.61,30.6,30.6299,30.62,30.67,30.67,30.7,30.67,30.67,30.6504,30.66,30.69,30.69,30.65,30.68,30.67,30.6615,30.67,30.68,30.65,Prob:0.32
CSCO,200802041413,23.89,23.9,23.89,23.9,23.9,23.89,23.88,23.895,23.9,23.89,23.8911,23.89,23.8885,23.88,23.89,23.8805,23.89,23.89,23.89,23.88,Prob:0.8
MSFT,200802041413,30.6,30.6299,30.62,30.67,30.67,30.7,30.67,30.67,30.6504,30.66,30.69,30.69,30.65,30.68,30.67,30.6615,30.67,30.68,30.65,30.68,Prob:0.96
QTWW,200802041413,0.5719,0.5795,0.5794,0.5794,0.579,0.5768,0.579,0.579,0.5788,0.5785,0.575,0.575,0.575,0.5707,0.575,0.575,0.575,0.575,0.575,0.5711,Prob:0.74
CSCO,200802041414,23.9,23.89,23.9,23.9,23.89,23.88,23.895,23.9,23.89,23.8911,23.89,23.8885,23.88,23.89,23.8805,23.89,23.89,23.89,23.88,23.86,Prob:0.59
MSFT,200802041414,30.6299,30.62,30.67,30.67,30.7,30.67,30.67,30.6504,30.66,30.69,30.69,30.65,30.68,30.67,30.6615,30.67,30.68,30.65,30.68,30.65,Prob:0.73
CSCO,200802041415,23.89,23.9,23.9,23.89,23.88,23.895,23.9,23.89,23.8911,23.89,23.8885,23.88,23.89,23.8805,23.89,23.89,23.89,23.88,23.86,23.85,Prob:0.5
MSFT,200802041415,30.62,30.67,30.67,30.7,30.67,30.67,30.6504,30.66,30.69,30.69,30.65,30.68,30.67,30.6615,30.67,30.68,30.65,30.68,30.65,30.66,Prob:0.84
CSCO,200802041416,23.9,23.9,23.89,23.88,23.895,23.9,23.89,23.8911,23.89,23.8885,23.88,23.89,23.8805,23.89,23.89,23.89,23.88,23.86,23.85,23.84,Prob:0.52
MSFT,200802041416,30.67,30.67,30.7,30.67,30.67,30.6504,30.66,30.69,30.69,30.65,30.68,30.67,30.6615,30.67,30.68,30.65,30.68,30.65,30.66,30.66,Prob:0.08
CSCO,200802041417,23.9,23.89,23.88,23.895,23.9,23.89,23.8911,23.89,23.8885,23.88,23.89,23.8805,23.89,23.89,23.89,23.88,23.86,23.85,23.84,23.847,Prob:0.78
MSFT,200802041417,30.67,30.7,30.67,30.67,30.6504,30.66,30.69,30.69,30.65,30.68,30.67,30.6615,30.67,30.68,30.65,30.68,30.65,30.66,30.66,30.6799,Prob:0.43
CSCO,200802041418,23.89,23.88,23.895,23.9,23.89,23.8911,23.89,23.8885,23.88,23.89,23.8805,23.89,23.89,23.89,23.88,23.86,23.85,23.84,23.847,23.85,Prob:0.39
MSFT,200802041418,30.7,30.67,30.67,30.6504,30.66,30.69,30.69,30.65,30.68,30.67,30.6615,30.67,30.68,30.65,30.68,30.65,30.66,30.66,30.6799,30.67,Prob:0.15
CSCO,200802041419,23.88,23.895,23.9,23.89,23.8911,23.89,23.8885,23.88,23.89,23.8805,23.89,23.89,23.89,23.88,23.86,23.85,23.84,23.847,23.85,23.84,Prob:0.87
MSFT,200802041419,30.67,30.67,30.6504,30.66,30.69,30.69,30.65,30.68,30.67,30.6615,30.67,30.68,30.65,30.68,30.65,30.66,30.66,30.6799,30.67,30.7,Prob:0.95
CSCO,200802041420,23.895,23.9,23.89,23.8911,23.89,23.8885,23.88,23.89,23.8805,23.89,23.89,23.89,23.88,23.86,23.85,23.84,23.847,23.85,23.84,23.845,Prob:0.28
MSFT,200802041420,30.67,30.6504,30.66,30.69,30.69,30.65,30.68,30.67,30.6615,30.67,30.68,30.65,30.68,30.65,30.66,30.66,30.6799,30.67,30.7,30.67,Prob:0.7
CSCO,200802041421,23.9,23.89,23.8911,23.89,23.8885,23.88,23.89,23.8805,23.89,23.89,23.89,23.88,23.86,23.85,23.84,23.847,23.85,23.84,23.845,23.85,Prob:0.13
MSFT,200802041421,30.6504,30.66,30.69,30.69,30.65,30.68,30.67,30.6615,30.67,30.68,30.65,30.68,30.65,30.66,30.66,30.6799,30.67,30.7,30.67,30.69,Prob:0.04
CSCO,200802041422,23.89,23.8911,23.89,23.8885,23.88,23.89,23.8805,23.89,23.89,23.89,23.88,23.86,23.85,23.84,23.847,23.85,23.84,23.845,23.85,23.87,Prob:0.03
MSFT,200802041422,30.66,30.69,30.69,30.65,30.68,30.67,30.6615,30.67,30.68,30.65,30.68,30.65,30.66,30.66,30.6799,30.67,30.7,30.67,30.69,30.6901,Prob:0.32
CSCO,200802041423,23.8911,23.89,23.8885,23.88,23.89,23.8805,23.89,23.89,23.89,23.88,23.86,23.85,23.84,23.847,23.85,23.84,23.845,23.85,23.87,23.9,Prob:0.75
MSFT,200802041423,30.69,30.69,30.65,30.68,30.67,30.6615,30.67,30.68,30.65,30.68,30.65,30.66,30.66,30.6799,30.67,30.7,30.67,30.69,30.6901,30.69,Prob:0.25
CSCO,200802041424,23.89,23.8885,23.88,23.89,23.8805,23.89,23.89,23.89,23.88,23.86,23.85,23.84,23.847,23.85,23.84,23.845,23.85,23.87,23.9,23.91,Prob:0.46
MSFT,200802041424,30.69,30.65,30.68,30.67,30.6615,30.67,30.68,30.65,30.68,30.65,30.66,30.66,30.6799,30.67,30.7,30.67,30.69,30.6901,30.69,30.6999,Prob:0.25
CSCO,200802041425,23.8885,23.88,23.89,23.8805,23.89,23.89,23.89,23.88,23.86,23.85,23.84,23.847,23.85,23.84,23.845,23.85,23.87,23.9,23.91,23.902,Prob:0.28
MSFT,200802041425,30.65,30.68,30.67,30.6615,30.67,30.68,30.65,30.68,30.65,30.66,30.66,30.6799,30.67,30.7,30.67,30.69,30.6901,30.69,30.6999,30.7,Prob:0.01
QTWW,200802041425,0.5795,0.5794,0.5794,0.579,0.5768,0.579,0.579,0.5788,0.5785,0.575,0.575,0.575,0.5707,0.575,0.575,0.575,0.575,0.575,0.5711,0.575,Prob:0.91
CSCO,200802041426,23.88,23.89,23.8805,23.89,23.89,23.89,23.88,23.86,23.85,23.84,23.847,23.85,23.84,23.845,23.85,23.87,23.9,23.91,23.902,23.91,Prob:0.41
MSFT,200802041426,30.68,30.67,30.6615,30.67,30.68,30.65,30.68,30.65,30.66,30.66,30.6799,30.67,30.7,30.67,30.69,30.6901,30.69,30.6999,30.7,30.6912,Prob:0.17
QTWW,200802041426,0.5794,0.5794,0.579,0.5768,0.579,0.579,0.5788,0.5785,0.575,0.575,0.575,0.5707,0.575,0.575,0.575,0.575,0.575,0.5711,0.575,0.575,Prob:0.46
CSCO,200802041427,23.89,23.8805,23.89,23.89,23.89,23.88,23.86,23.85,23.84,23.847,23.85,23.84,23.845,23.85,23.87,23.9,23.91,23.902,23.91,23.92,Prob:0.6
MSFT,200802041427,30.67,30.6615,30.67,30.68,30.65,30.68,30.65,30.66,30.66,30.6799,30.67,30.7,30.67,30.69,30.6901,30.69,30.6999,30.7,30.6912,30.69,Prob:0.66
QTWW,200802041427,0.5794,0.579,0.5768,0.579,0.579,0.5788,0.5785,0.575,0.575,0.575,0.5707,0.575,0.575,0.575,0.575,0.575,0.5711,0.575,0.575,0.575,Prob:0.14
CSCO,200802041428,23.8805,23.89,23.89,23.89,23.88,23.86,23.85,23.84,23.847,23.85,23.84,23.845,23.85,23.87,23.9,23.91,23.902,23.91,23.92,23.92,Prob:0.05
MSFT,200802041428,30.6615,30.67,30.68,30.65,30.68,30.65,30.66,30.66,30.6799,30.67,30.7,30.67,30.69,30.6901,30.69,30.6999,30.7,30.6912,30.69,30.69,Prob:0.53
CSCO,200802041429,23.89,23.89,23.89,23.88,23.86,23.85,23.84,23.847,23.85,23.84,23.845,23.85,23.87,23.9,23.91,23.902,23.91,23.92,23.92,23.8899,Prob:0.08
MSFT,200802041429,30.67,30.68,30.65,30.68,30.65,30.66,30.66,30.6799,30.67,30.7,30.67,30.69,30.6901,30.69,30.6999,30.7,30.6912,30.69,30.69,30.69,Prob:0.78
QTWW,200802041429,0.579,0.5768,0.579,0.579,0.5788,0.5785,0.575,0.575,0.575,0.5707,0.575,0.575,0.575,0.575,0.575,0.5711,0.575,0.575,0.575,0.575,Prob:0.73
CSCO,200802041430,23.89,23.89,23.88,23.86,23.85,23.84,23.847,23.85,23.84,23.845,23.85,23.87,23.9,23.91,23.902,23.91,23.92,23.92,23.8899,23.88,Prob:0.19
MSFT,200802041430,30.68,30.65,30.68,30.65,30.66,30.66,30.6799,30.67,30.7,30.67,30.69,30.6901,30.69,30.6999,30.7,30.6912,30.69,30.69,30.69,30.6699,Prob:0.12
QTWW,200802041430,0.5768,0.579,0.579,0.5788,0.5785,0.575,0.575,0.575,0.5707,0.575,0.575,0.575,0.575,0.575,0.5711,0.575,0.575,0.575,0.575,0.575,Prob:0.58
CSCO,200802041431,23.89,23.88,23.86,23.85,23.84,23.847,23.85,23.84,23.845,23.85,23.87,23.9,23.91,23.902,23.91,23.92,23.92,23.8899,23.88,23.863,Prob:0.1
MSFT,200802041431,30.65,30.68,30.65,30.66,30.66,30.6799,30.67,30.7,30.67,30.69,30.6901,30.69,30.6999,30.7,30.6912,30.69,30.69,30.69,30.6699,30.66,Prob:0.31
QTWW,200802041431,0.579,0.579,0.5788,0.5785,0.575,0.575,0.575,0.5707,0.575,0.575,0.575,0.575,0.575,0.5711,0.575,0.575,0.575,0.575,0.575,0.575,Prob:0.0
CSCO,200802041432,23.88,23.86,23.85,23.84,23.847,23.85,23.84,23.845,23.85,23.87,23.9,23.91,23.902,23.91,23.92,23.92,23.8899,23.88,23.863,23.85,Prob:0.76
MSFT,200802041432,30.68,30.65,30.66,30.66,30.6799,30.67,30.7,30.67,30.69,30.6901,30.69,30.6999,30.7,30.6912,30.69,30.69,30.69,30.6699,30.66,30.65,Prob:0.41
CSCO,200802041433,23.86,23.85,23.84,23.847,23.85,23.84,23.845,23.85,23.87,23.9,23.91,23.902,23.91,23.92,23.92,23.8899,23.88,23.863,23.85,23.857,Prob:0.15
MSFT,200802041433,30.65,30.66,30.66,30.6799,30.67,30.7,30.67,30.69,30.6901,30.69,30.6999,30.7,30.6912,30.69,30.69,30.69,30.6699,30.66,30.65,30.63,Prob:0.49
CSCO,200802041434,23.85,23.84,23.847,23.85,23.84,23.845,23.85,23.87,23.9,23.91,23.902,23.91,23.92,23.92,23.8899,23.88,23.863,23.85,23.857,23.87,Prob:0.21
MSFT,200802041434,30.66,30.66,30.6799,30.67,30.7,30.67,30.69,30.6901,30.69,30.6999,30.7,30.6912,30.69,30.69,30.69,30.6699,30.66,30.65,30.63,30.64,Prob:0.98
CSCO,200802041435,23.84,23.847,23.85,23.84,23.845,23.85,23.87,23.9,23.91,23.902,23.91,23.92,23.92,23.8899,23.88,23.863,23.85,23.857,23.87,23.84,Prob:0.1
MSFT,200802041435,30.66,30.6799,30.67,30.7,30.67,30.69,30.6901,30.69,30.6999,30.7,30.6912,30.69,30.69,30.69,30.6699,30.66,30.65,30.63,30.64,30.6185,Prob:0.79
CSCO,200802041436,23.847,23.85,23.84,23.845,23.85,23.87,23.9,23.91,23.902,23.91,23.92,23.92,23.8899,23.88,23.863,23.85,23.857,23.87,23.84,23.83,Prob:0.23
MSFT,200802041436,30.6799,30.67,30.7,30.67,30.69,30.6901,30.69,30.6999,30.7,30.6912,30.69,30.69,30.69,30.6699,30.66,30.65,30.63,30.64,30.6185,30.58,Prob:0.37
CSCO,200802041437,23.85,23.84,23.845,23.85,23.87,23.9,23.91,23.902,23.91,23.92,23.92,23.8899,23.88,23.863,23.85,23.857,23.87,23.84,23.83,23.84,Prob:0.09
MSFT,200802041437,30.67,30.7,30.67,30.69,30.6901,30.69,30.6999,30.7,30.6912,30.69,30.69,30.69,30.6699,30.66,30.65,30.63,30.64,30.6185,30.58,30.6,Prob:0.86
CSCO,200802041438,23.84,23.845,23.85,23.87,23.9,23.91,23.902,23.91,23.92,23.92,23.8899,23.88,23.863,23.85,23.857,23.87,23.84,23.83,23.84,23.85,Prob:0.26
MSFT,200802041438,30.7,30.67,30.69,30.6901,30.69,30.6999,30.7,30.6912,30.69,30.69,30.69,30.6699,30.66,30.65,30.63,30.64,30.6185,30.58,30.6,30.5981,Prob:0.55
CSCO,200802041439,23.845,23.85,23.87,23.9,23.91,23.902,23.91,23.92,23.92,23.8899,23.88,23.863,23.85,23.857,23.87,23.84,23.83,23.84,23.85,23.83,Prob:0.38
MSFT,200802041524,30.5375,30.54,30.54,30.537,30.54,30.53,30.55,30.52,30.52,30.54,30.53,30.5478,30.52,30.53,30.51,30.51,30.52,30.53,30.53,30.53,Prob:0.56
CSCO,200802041525,23.875,23.86,23.86,23.867,23.86,23.873,23.86,23.8605,23.87,23.88,23.91,23.88,23.877,23.85,23.86,23.86,23.88,23.86,23.8671,23.86,Prob:0.43
MSFT,200802041525,30.54,30.54,30.537,30.54,30.53,30.55,30.52,30.52,30.54,30.53,30.5478,30.52,30.53,30.51,30.51,30.52,30.53,30.53,30.53,30.51,Prob:0.98
CSCO,200802041526,23.86,23.86,23.867,23.86,23.873,23.86,23.8605,23.87,23.88,23.91,23.88,23.877,23.85,23.86,23.86,23.88,23.86,23.8671,23.86,23.87,Prob:0.5
MSFT,200802041526,30.54,30.537,30.54,30.53,30.55,30.52,30.52,30.54,30.53,30.5478,30.52,30.53,30.51,30.51,30.52,30.53,30.53,30.53,30.51,30.51,Prob:0.23
CSCO,200802041527,23.86,23.867,23.86,23.873,23.86,23.8605,23.87,23.88,23.91,23.88,23.877,23.85,23.86,23.86,23.88,23.86,23.8671,23.86,23.87,23.86,Prob:0.5
MSFT,200802041527,30.537,30.54,30.53,30.55,30.52,30.52,30.54,30.53,30.5478,30.52,30.53,30.51,30.51,30.52,30.53,30.53,30.53,30.51,30.51,30.5199,Prob:0.28
CSCO,200802041528,23.867,23.86,23.873,23.86,23.8605,23.87,23.88,23.91,23.88,23.877,23.85,23.86,23.86,23.88,23.86,23.8671,23.86,23.87,23.86,23.86,Prob:0.85
MSFT,200802041528,30.54,30.53,30.55,30.52,30.52,30.54,30.53,30.5478,30.52,30.53,30.51,30.51,30.52,30.53,30.53,30.53,30.51,30.51,30.5199,30.51,Prob:0.48
CSCO,200802041529,23.86,23.873,23.86,23.8605,23.87,23.88,23.91,23.88,23.877,23.85,23.86,23.86,23.88,23.86,23.8671,23.86,23.87,23.86,23.86,23.867,Prob:0.33
MSFT,200802041529,30.53,30.55,30.52,30.52,30.54,30.53,30.5478,30.52,30.53,30.51,30.51,30.52,30.53,30.53,30.53,30.51,30.51,30.5199,30.51,30.52,Prob:0.7
CSCO,200802041530,23.873,23.86,23.8605,23.87,23.88,23.91,23.88,23.877,23.85,23.86,23.86,23.88,23.86,23.8671,23.86,23.87,23.86,23.86,23.867,23.86,Prob:0.54
MSFT,200802041530,30.55,30.52,30.52,30.54,30.53,30.5478,30.52,30.53,30.51,30.51,30.52,30.53,30.53,30.53,30.51,30.51,30.5199,30.51,30.52,30.51,Prob:0.05
QTWW,200802041530,0.575,0.5711,0.575,0.575,0.575,0.575,0.575,0.575,0.5748,0.5712,0.575,0.575,0.575,0.5702,0.575,0.575,0.575,0.5704,0.575,0.5741,Prob:0.36
CSCO,200802041531,23.86,23.8605,23.87,23.88,23.91,23.88,23.877,23.85,23.86,23.86,23.88,23.86,23.8671,23.86,23.87,23.86,23.86,23.867,23.86,23.86,Prob:0.09
MSFT,200802041531,30.52,30.52,30.54,30.53,30.5478,30.52,30.53,30.51,30.51,30.52,30.53,30.53,30.53,30.51,30.51,30.5199,30.51,30.52,30.51,30.51,Prob:0.64
CSCO,200802041532,23.8605,23.87,23.88,23.91,23.88,23.877,23.85,23.86,23.86,23.88,23.86,23.8671,23.86,23.87,23.86,23.86,23.867,23.86,23.86,23.865,Prob:0.75
MSFT,200802041532,30.52,30.54,30.53,30.5478,30.52,30.53,30.51,30.51,30.52,30.53,30.53,30.53,30.51,30.51,30.5199,30.51,30.52,30.51,30.51,30.5299,Prob:0.33
CSCO,200802041533,23.87,23.88,23.91,23.88,23.877,23.85,23.86,23.86,23.88,23.86,23.8671,23.86,23.87,23.86,23.86,23.867,23.86,23.86,23.865,23.8599,Prob:0.06
MSFT,200802041533,30.54,30.53,30.5478,30.52,30.53,30.51,30.51,30.52,30.53,30.53,30.53,30.51,30.51,30.5199,30.51,30.52,30.51,30.51,30.5299,30.505,Prob:0.63
CSCO,200802041534,23.88,23.91,23.88,23.877,23.85,23.86,23.86,23.88,23.86,23.8671,23.86,23.87,23.86,23.86,23.867,23.86,23.86,23.865,23.8599,23.85,Prob:0.96
MSFT,200802041534,30.53,30.5478,30.52,30.53,30.51,30.51,30.52,30.53,30.53,30.53,30.51,30.51,30.5199,30.51,30.52,30.51,30.51,30.5299,30.505,30.51,Prob:0.87
QTWW,200802041534,0.5711,0.575,0.575,0.575,0.575,0.575,0.575,0.5748,0.5712,0.575,0.575,0.575,0.5702,0.575,0.575,0.575,0.5704,0.575,0.5741,0.575,Prob:0.11
CSCO,200802041535,23.91,23.88,23.877,23.85,23.86,23.86,23.88,23.86,23.8671,23.86,23.87,23.86,23.86,23.867,23.86,23.86,23.865,23.8599,23.85,23.86,Prob:0.69
MSFT,200802041535,30.5478,30.52,30.53,30.51,30.51,30.52,30.53,30.53,30.53,30.51,30.51,30.5199,30.51,30.52,30.51,30.51,30.5299,30.505,30.51,30.51,Prob:0.46
QTWW,200802041535,0.575,0.575,0.575,0.575,0.575,0.575,0.5748,0.5712,0.575,0.575,0.575,0.5702,0.575,0.575,0.575,0.5704,0.575,0.5741,0.575,0.5748,Prob:0.17
CSCO,200802041536,23.88,23.877,23.85,23.86,23.86,23.88,23.86,23.8671,23.86,23.87,23.86,23.86,23.867,23.86,23.86,23.865,23.8599,23.85,23.86,23.85,Prob:0.74
MSFT,200802041536,30.52,30.53,30.51,30.51,30.52,30.53,30.53,30.53,30.51,30.51,30.5199,30.51,30.52,30.51,30.51,30.5299,30.505,30.51,30.51,30.48,Prob:0.79
CSCO,200802041537,23.877,23.85,23.86,23.86,23.88,23.86,23.8671,23.86,23.87,23.86,23.86,23.867,23.86,23.86,23.865,23.8599,23.85,23.86,23.85,23.85,Prob:0.96
MSFT,200802041537,30.53,30.51,30.51,30.52,30.53,30.53,30.53,30.51,30.51,30.5199,30.51,30.52,30.51,30.51,30.5299,30.505,30.51,30.51,30.48,30.5,Prob:0.98
QTWW,200802041537,0.575,0.575,0.575,0.575,0.575,0.5748,0.5712,0.575,0.575,0.575,0.5702,0.575,0.575,0.575,0.5704,0.575,0.5741,0.575,0.5748,0.5705,Prob:0.8
CSCO,200802041538,23.85,23.86,23.86,23.88,23.86,23.8671,23.86,23.87,23.86,23.86,23.867,23.86,23.86,23.865,23.8599,23.85,23.86,23.85,23.85,23.8,Prob:0.79